445
135
29
22
20
16
19
13
19
10
11
9
9
9
9
7
1
5
5
4
3
2
2
3
0
0
2
0
0
2
0
0
0
0
1
0
0
0
0
0
0
0
0
0
0
0
0
0
0
0
0
0
0
1
0
1
1
1
0
1
0
0
0
2
1
2
1
0
1
0
0
1
3
1
0
5
0
5
1
6
2
4
3
7
1
3
1
5
2
10
4
6
12
16
20
22
30
40
52
58
67
75
101
99
148
184
233
310
419
547
656
800
1063
1286
1623
2177
2585
3218
4055
4674
5266
5792
6510
7023
7815
8294
9298
10316
11530
13028
14131
14840
15071
15723
15833
16428
17475
18725
19820
21012
22882
24362
26413
28528
31420
34048
36660
39675
42181
44988
46419
48450
50519
52261
54242
56162
56650
57085
58009
59844
60874
63041
63768
65547
66676
68274
69624
70595
70723
69495
67710
68719
72947
79774
88365
95733
98663
93916
86372
77517
72323
71101
73738
76718
76937
74705
71657
66491
61030
58099
60085
64556
70242
74311
76877
77248
75758
71447
63436
56203
51215
50578
52252
54782
55636
55188
53223
51887
50512
48655
45677
42692
40075
38451
38660
39669
40424
33598
26455
20776
16057
11219
7373
4316
2309
1146
523
193
71
22
7
2
0
0
0
0
0
0
0
0
0
0
0
0
0
0
0
0
0
0
0
0
0
0
0
0
